the novel coronavirus
from an epidemic to a pandemic
is hydroxychloroquine effective?

#"sars, covid and mers",
# mer=[[1114, 10.204081632653061], [3179, 28.571428571428573], [5243, 35.714285714285715], [18078, 9.523809523809524], [21142, 15.873015873015873], [22937, 7.518796992481203], [25980, 23.80952380952381], [27939, 14.285714285714286], [31534, 8.403361344537815], [33542, 28.571428571428573], [37975, 47.61904761904762], [40820, 14.285714285714286], [51642, 12.987012987012987], [70142, 9.523809523809524], [74801, 9.523809523809524], [76667, 15.873015873015873], [76945, 8.928571428571429], [87341, 9.523809523809524], [93031, 14.285714285714286], [96926, 10.204081632653061], [101255, 28.571428571428573], [103373, 12.987012987012987], [104256, 14.285714285714286], [107254, 14.285714285714286], [114225, 23.80952380952381], [116827, 10.989010989010989], [120813, 10.204081632653061], [132286, 23.80952380952381], [141156, 28.571428571428573], [145184, 17.857142857142858], [145213, 10.989010989010989], [146416, 15.873015873015873], [149990, 11.904761904761905], [152124, 9.523809523809524], [153319, 47.61904761904762]]


#  covid=[[11, 0.16107209587011148], [34, 0.29529884242853766], [266, 0.35435861091424525], [303, 0.5062265870203503], [310, 0.23623907394283014], [378, 0.18650453206012907], [699, 0.32214419174022296], [1003, 0.25311329351017514], [1068, 0.3937317899047169], [1088, 0.44294826364280654], [1114, 0.25311329351017514], [1167, 0.2084462417142619], [1203, 0.32214419174022296], [1322, 0.44294826364280654], [1724, 0.2084462417142619], [1890, 0.29529884242853766], [1986, 0.11811953697141507], [2010, 0.5905976848570753], [2155, 0.5062265870203503], [2304, 0.44294826364280654], [2321, 0.44294826364280654], [2331, 0.19686589495235846], [2360, 0.35435861091424525], [2368, 0.3937317899047169], [2550, 0.5062265870203503], [2562, 0.3937317899047169], [2599, 0.3937317899047169], [2674, 0.29529884242853766], [2806, 0.5905976848570753], [2895, 0.44294826364280654], [2908, 0.17717930545712263], [2974, 0.5905976848570753], [3312, 0.44294826364280654], [3389, 0.19686589495235846], [3472, 0.29529884242853766], [3712, 0.7087172218284905], [3767, 0.32214419174022296], [4290, 0.5062265870203503], [4369, 0.5062265870203503], [4610, 0.8858965272856131], [4643, 0.35435861091424525], [4672, 0.5062265870203503], [4731, 0.5062265870203503], [4824, 0.8858965272856131], [4888, 0.29529884242853766], [4956, 0.44294826364280654], [5133, 0.7087172218284905], [5241, 0.44294826364280654], [5457, 0.44294826364280654], [5518, 0.5062265870203503], [5534, 0.2084462417142619], [5615, 0.3937317899047169], [5673, 0.3937317899047169], [5861, 0.29529884242853766], [5865, 0.2725835468571117], [5917, 0.3937317899047169], [5932, 0.2725835468571117], [6002, 0.5062265870203503], [6011, 0.2725835468571117], [6055, 0.5905976848570753], [6084, 0.8858965272856131], [6129, 0.32214419174022296], [6207, 0.5905976848570753], [6294, 0.5905976848570753], [6387, 0.22147413182140327], [6404, 0.32214419174022296], [6482, 0.44294826364280654], [6539, 0.5905976848570753], [6588, 0.35435861091424525], [6645, 0.44294826364280654], [6670, 0.29529884242853766], [6928, 0.7087172218284905], [7127, 0.25311329351017514], [7288, 1.1811953697141506], [7357, 0.2725835468571117], [7468, 0.44294826364280654], [7632, 0.35435861091424525], [7825, 0.44294826364280654], [7915, 0.44294826364280654], [8139, 0.3937317899047169], [8195, 1.1811953697141506], [8291, 0.5062265870203503], [8359, 0.32214419174022296], [8495, 0.3937317899047169], [8507, 0.44294826364280654], [8593, 0.35435861091424525], [8608, 0.8858965272856131], [8849, 0.3937317899047169], [9361, 0.29529884242853766], [9684, 0.3937317899047169], [9864, 0.5905976848570753], [10039, 1.1811953697141506], [10211, 0.35435861091424525], [10285, 0.35435861091424525], [10640, 0.3937317899047169], [10681, 0.29529884242853766], [10719, 0.44294826364280654], [11026, 0.5905976848570753], [11185, 0.29529884242853766], [11261, 0.3937317899047169], [11395, 0.3937317899047169], [11475, 0.5062265870203503], [11970, 0.5062265870203503], [12121, 0.5062265870203503], [12263, 0.32214419174022296], [12419, 0.3937317899047169], [12421, 0.29529884242853766], [12451, 0.29529884242853766], [12463, 0.23623907394283014], [12552, 0.32214419174022296], [12611, 0.35435861091424525], [12989, 0.5062265870203503], [13042, 0.3937317899047169], [13135, 0.29529884242853766], [13167, 0.44294826364280654], [13517, 0.5062265870203503], [13815, 0.2084462417142619], [13982, 0.32214419174022296], [14134, 0.16107209587011148], [14319, 0.44294826364280654], [14378, 0.35435861091424525], [14450, 0.3937317899047169], [14477, 0.32214419174022296], [14513, 0.5905976848570753], [14575, 0.23623907394283014], [14708, 0.5062265870203503], [14750, 0.44294826364280654], [14856, 0.22147413182140327], [15021, 0.35435861091424525], [15025, 0.5062265870203503], [15163, 0.8858965272856131], [15287, 0.32214419174022296], [15315, 0.5062265870203503], [15350, 0.590…

#
#  sar=[[73, 1.0060362173038229], [193, 1.1737089201877935], [429, 1.1737089201877935], [1114, 1.0060362173038229], [1575, 2.0120724346076457], [2757, 1.1737089201877935], [2895, 1.7605633802816902], [3334, 1.2804097311139566], [5057, 1.0060362173038229], [6222, 1.0060362173038229], [6404, 1.2804097311139566], [6934, 2.347417840375587], [7117, 2.0120724346076457], [7558, 0.7042253521126761], [7584, 0.9389671361502347], [8413, 1.0834236186348865], [8422, 2.347417840375587], [9521, 1.4084507042253522], [9696, 0.8285004142502072], [9841, 0.9389671361502347], [9988, 1.2804097311139566], [10346, 2.0120724346076457], [10385, 0.7824726134585289], [11847, 2.347417840375587], [12161, 1.2804097311139566], [12463, 0.9389671361502347], [12670, 1.0834236186348865], [13491, 1.5649452269170578], [13722, 1.1737089201877935], [14164, 0.7824726134585289], [16458, 1.7605633802816902], [18665, 1.4084507042253522], [19012, 0.7824726134585289], [19264, 1.2804097311139566], [20087, 1.1737089201877935], [20537, 1.0834236186348865], [20747, 1.4084507042253522], [20899, 0.8285004142502072], [20976, 0.8802816901408451], [21588, 1.2804097311139566], [22508, 2.0120724346076457], [22937, 0.7412898443291327], [23019, 1.1737089201877935], [24634, 1.4084507042253522], [25846, 1.5649452269170578], [26521, 1.5649452269170578], [27100, 2.0120724346076457], [27213, 1.5649452269170578], [27223, 1.7605633802816902], [27225, 1.4084507042253522], [27768, 1.2804097311139566], [27943, 1.0834236186348865], [28363, 0.8285004142502072], [28492, 2.347417840375587], [28503, 1.4084507042253522], [28508, 1.0834236186348865], [28561, 1.5649452269170578], [29369, 1.0834236186348865], [29759, 1.5649452269170578], [30275, 0.8802816901408451], [30467, 1.5649452269170578], [31550, 2.347417840375587], [33212, 1.4084507042253522], [33218, 0.7412898443291327], [33421, 1.0834236186348865], [34361, 1.4084507042253522], [34380, 1.0060362173038229], [34614, 1.0834236186348865], [35384, 1.7605633802816902], [35631, 1.0060362173038229], [35874, 1.5649452269170578], [36360, 1.4825796886582654], [36976, 1.0834236186348865], [37003, 1.0060362173038229], [37043, 2.347417840375587], [37174, 2.8169014084507045], [37410, 1.1737089201877935], [37864, 2.0120724346076457], [38560, 1.7605633802816902], [38824, 1.5649452269170578], [39559, 1.2804097311139566], [39570, 2.347417840375587], [39615, 0.9389671361502347], [40465, 1.2804097311139566], [41492, 0.7412898443291327], [41530, 0.9389671361502347], [42054, 1.4084507042253522], [42348, 1.1737089201877935], [43192, 0.612369871402327], [43214, 1.4084507042253522], [44198, 1.0060362173038229], [44242, 0.8285004142502072], [44734, 4.694835680751174], [45067, 2.0120724346076457], [45576, 1.1737089201877935], [45820, 0.8285004142502072], [46393, 2.0120724346076457], [46513, 2.0120724346076457], [46922, 2.347417840375587], [47149, 1.7605633802816902], [47801, 7.042253521126761], [48409, 2.347417840375587], [48515, 1.1737089201877935], [48783, 1.0834236186348865], [49100, 1.4084507042253522], [49958, 1.5649452269170578], [50158, 1.2804097311139566], [50239, 2.347417840375587], [50923, 2.0120724346076457], [50950, 1.7605633802816902], [51214, 1.0834236186348865], [51288, 1.4084507042253522], [51299, 1.2804097311139566], [51926, 0.7042253521126761], [52939, 1.4084507042253522], [53092, 0.8802816901408451], [53120, 1.2804097311139566], [53247, 1.4570179698882952], [53804, 1.1737089201877935], [53838, 0.7412898443291327], [54684, 0.7824726134585289], [56408, 1.2804097311139566], [56426, 1.2804097311139566], [56933, 1.7605633802816902], [57127, 1.1737089201877935], [57217, 1.7605633802816902], [58078, 1.2804097311139566], [58464, 1.0834236186348865], [58579, 1.0060362173038229], [58709, 1.5649452269170578], [58805, 0.7824726134585289], [59605, 1.7605633802816902], [59810, 1.4084507042253522], [60402, 0.3275466754…